 ISS (ZARYA)
1 25544U 98067A   25322.50000000  .00002182  00000-0  41420-4 0  9990
2 25544  51.6416 247.4627 0006703 130.5360 325.0288 15.72125391563537
LEO-SAT-001
1 40000U 14001A   25322.50000000  .00001500  00000-0  30000-4 0  9991
2 40000  97.4000  45.0000 0001000  90.0000 270.0000 15.00000000100000
LEO-SAT-002
1 40001U 14002A   25322.50000000  .00001500  00000-0  30000-4 0  9992
2 40001  97.4000  46.0000 0001000  91.0000 269.0000 15.00000000100001
LEO-SAT-003
1 40002U 14003A   25322.50000000  .00001500  00000-0  30000-4 0  9993
2 40002  97.4000  47.0000 0001000  92.0000 268.0000 15.00000000100002
